[gd_scene load_steps=8 format=3 uid="uid://rniw2avrs0w2"]

[ext_resource type="PackedScene" uid="uid://2oxdgu03lnbk" path="res://addons/character-controller/example/main/player.tscn" id="1_dms3m"]
[ext_resource type="Script" path="res://World.gd" id="1_eca6b"]
[ext_resource type="PackedScene" uid="uid://lra67ejmcymt" path="res://Modules/room.tscn" id="2_8kfwn"]
[ext_resource type="PackedScene" uid="uid://y1q5ogxvsjcb" path="res://Environments/world_environment.tscn" id="4_8miqv"]
[ext_resource type="PackedScene" uid="uid://cpnnygnt0rj4l" path="res://Modules/door.tscn" id="5_helgc"]
[ext_resource type="PackedScene" uid="uid://bul5eq425kpxw" path="res://Objects/Crate.tscn" id="6_pu3go"]
[ext_resource type="PackedScene" uid="uid://cew6o18i1dc" path="res://Modules/hallway.tscn" id="7_q72hy"]

[node name="World_3" type="Node3D"]
script = ExtResource("1_eca6b")

[node name="WorldEnvironment" parent="." instance=ExtResource("4_8miqv")]

[node name="Player" parent="." instance=ExtResource("1_dms3m")]
transform = Transform3D(-4.37114e-08, 0, 1, 0, 1, 0, -1, 0, -4.37114e-08, 0, 1, 0)
speed = 6

[node name="Room" parent="." instance=ExtResource("2_8kfwn")]

[node name="Room2" parent="." instance=ExtResource("2_8kfwn")]
transform = Transform3D(-1, 0, -8.74228e-08, 0, 1, 0, 8.74228e-08, 0, -1, -27.0331, 0, 0)

[node name="Objects" type="Node" parent="."]

[node name="Door" parent="Objects" instance=ExtResource("5_helgc")]
transform = Transform3D(-1.34884e-07, 1.9001, 1.75233e-15, -2.84281, -7.65158e-08, 1.18831, 1.20021, 3.23043e-08, 2.81463, -5.8313, 1.39692, -0.315532)

[node name="Crate" parent="Objects" instance=ExtResource("6_pu3go")]
transform = Transform3D(0.978122, 0, -0.208031, 0, 1, 0, 0.208031, 0, 0.978122, 1.13313, 1, -2.2)

[node name="Crate2" parent="Objects" instance=ExtResource("6_pu3go")]
transform = Transform3D(0.98068, 0, 0.195621, 0, 1, 0, -0.195621, 0, 0.98068, 1.58505, 1, -0.94655)

[node name="Crate3" parent="Objects" instance=ExtResource("6_pu3go")]
transform = Transform3D(0.993264, 0, -0.115873, 0, 1, 0, 0.115873, 0, 0.993264, 1.58505, 2.0095, -1.71346)

[node name="Obstacle course" type="Node3D" parent="."]
transform = Transform3D(1, 0, 0, 0, 1, 0, 0, 0, 1, -13.761, 0, 0)

[node name="Hallway" parent="." instance=ExtResource("7_q72hy")]
transform = Transform3D(-4.37114e-08, 0, -0.629623, 0, 1, 0, 1, 0, -2.75217e-08, -13.5512, 0, 0)
